../../../.git/annex/objects/Xj/2g/MD5E-s96--9ab1b398ff380bda42ecb347fad4877d.csv/MD5E-s96--9ab1b398ff380bda42ecb347fad4877d.csv