../../../.git/annex/objects/xM/PW/MD5E-s3081825--69ecbc830a60af5bde38e460ec3c7274.tsv/MD5E-s3081825--69ecbc830a60af5bde38e460ec3c7274.tsv