../../../.git/annex/objects/XF/Wf/MD5E-s54--5a342471b6862d94016c15c83e845da5.csv/MD5E-s54--5a342471b6862d94016c15c83e845da5.csv